Solution found!
8 7 6 
5 4 3 
2 1   

8 7 6 
5 4 3 
2   1 

8 7 6 
5 4 3 
  2 1 

8 7 6 
  4 3 
5 2 1 

  7 6 
8 4 3 
5 2 1 

7   6 
8 4 3 
5 2 1 

7 4 6 
8   3 
5 2 1 

7 4 6 
  8 3 
5 2 1 

7 4 6 
5 8 3 
  2 1 

7 4 6 
5 8 3 
2   1 

7 4 6 
5   3 
2 8 1 

7 4 6 
5 3   
2 8 1 

7 4 6 
5 3 1 
2 8   

7 4 6 
5 3 1 
2   8 

7 4 6 
5 3 1 
  2 8 

7 4 6 
  3 1 
5 2 8 

  4 6 
7 3 1 
5 2 8 

4   6 
7 3 1 
5 2 8 

4 3 6 
7   1 
5 2 8 

4 3 6 
7 1   
5 2 8 

4 3   
7 1 6 
5 2 8 

4   3 
7 1 6 
5 2 8 

4 1 3 
7   6 
5 2 8 

4 1 3 
7 2 6 
5   8 

4 1 3 
7 2 6 
  5 8 

4 1 3 
  2 6 
7 5 8 

  1 3 
4 2 6 
7 5 8 

1   3 
4 2 6 
7 5 8 

1 2 3 
4   6 
7 5 8 

1 2 3 
4 5 6 
7   8 

1 2 3 
4 5 6 
7 8   

30 Moves
Nodes expanded: 166060
Nodes unexpanded: 11795
PT8M29.6037538S

